1.0,3.0 ---- 4422
3.0,5.0 ---- 3
5.0,7.0 ---- 3
11.0,13.0 ---- 3
17.0,19.0 ---- 4
29.0,31.0 ---- 3
41.0,43.0 ---- 4
59.0,61.0 ---- 3
71.0,73.0 ---- 3
101.0,103.0 ---- 4
107.0,109.0 ---- 3
137.0,139.0 ---- 3
149.0,151.0 ---- 2
179.0,181.0 ---- 3
191.0,193.0 ---- 4
197.0,199.0 ---- 3
227.0,229.0 ---- 3
239.0,241.0 ---- 3
269.0,271.0 ---- 3
281.0,283.0 ---- 3
311.0,313.0 ---- 3
347.0,349.0 ---- 4
419.0,421.0 ---- 2
431.0,433.0 ---- 3
461.0,463.0 ---- 2
521.0,523.0 ---- 3
569.0,571.0 ---- 2
599.0,601.0 ---- 2
617.0,619.0 ---- 2
641.0,643.0 ---- 3
659.0,661.0 ---- 3
809.0,811.0 ---- 4
821.0,823.0 ---- 3
827.0,829.0 ---- 4
857.0,859.0 ---- 4
881.0,883.0 ---- 1
1019.0,1021.0 ---- 2
1031.0,1033.0 ---- 3
1049.0,1051.0 ---- 3
1061.0,1063.0 ---- 3
1091.0,1093.0 ---- 4
1151.0,1153.0 ---- 3
1229.0,1231.0 ---- 3
1277.0,1279.0 ---- 3
1289.0,1291.0 ---- 3
1301.0,1303.0 ---- 3
1319.0,1321.0 ---- 3
1427.0,1429.0 ---- 4
1451.0,1453.0 ---- 1
1481.0,1483.0 ---- 2
1487.0,1489.0 ---- 2
1607.0,1609.0 ---- 3
1619.0,1621.0 ---- 4
1667.0,1669.0 ---- 3
1697.0,1699.0 ---- 3
1721.0,1723.0 ---- 2
1787.0,1789.0 ---- 2
1871.0,1873.0 ---- 3
1877.0,1879.0 ---- 3
1931.0,1933.0 ---- 3
1949.0,1951.0 ---- 3
1997.0,1999.0 ---- 3
2027.0,2029.0 ---- 2
2081.0,2083.0 ---- 2
2087.0,2089.0 ---- 2
2111.0,2113.0 ---- 2
2129.0,2131.0 ---- 2
2141.0,2143.0 ---- 4
2237.0,2239.0 ---- 3
2267.0,2269.0 ---- 2
2309.0,2311.0 ---- 3
2339.0,2341.0 ---- 3
2381.0,2383.0 ---- 2
2549.0,2551.0 ---- 3
2591.0,2593.0 ---- 2
2657.0,2659.0 ---- 2
2687.0,2689.0 ---- 1
2711.0,2713.0 ---- 2
2729.0,2731.0 ---- 3
2789.0,2791.0 ---- 3
2801.0,2803.0 ---- 3
2969.0,2971.0 ---- 3
2999.0,3001.0 ---- 3
3119.0,3121.0 ---- 2
3167.0,3169.0 ---- 3
3251.0,3253.0 ---- 2
3257.0,3259.0 ---- 3
3299.0,3301.0 ---- 3
3329.0,3331.0 ---- 3
3359.0,3361.0 ---- 2
3371.0,3373.0 ---- 4
3389.0,3391.0 ---- 2
3461.0,3463.0 ---- 3
3467.0,3469.0 ---- 3
3527.0,3529.0 ---- 2
3539.0,3541.0 ---- 3
3557.0,3559.0 ---- 2
3581.0,3583.0 ---- 2
3671.0,3673.0 ---- 2
3767.0,3769.0 ---- 3
3821.0,3823.0 ---- 4
3851.0,3853.0 ---- 3
3917.0,3919.0 ---- 2
3929.0,3931.0 ---- 2
4001.0,4003.0 ---- 3
4019.0,4021.0 ---- 2
4049.0,4051.0 ---- 2
4091.0,4093.0 ---- 2
4127.0,4129.0 ---- 3
4157.0,4159.0 ---- 3
4217.0,4219.0 ---- 2
4229.0,4231.0 ---- 3
4241.0,4243.0 ---- 3
4259.0,4261.0 ---- 2
4271.0,4273.0 ---- 3
4337.0,4339.0 ---- 3
4421.0,4423.0 ---- 2
4481.0,4483.0 ---- 3
4517.0,4519.0 ---- 3
4547.0,4549.0 ---- 2
4637.0,4639.0 ---- 3
4649.0,4651.0 ---- 3
4721.0,4723.0 ---- 2
4787.0,4789.0 ---- 3
4799.0,4801.0 ---- 3
4931.0,4933.0 ---- 3
4967.0,4969.0 ---- 2
5009.0,5011.0 ---- 2
5021.0,5023.0 ---- 3
5099.0,5101.0 ---- 2
5231.0,5233.0 ---- 3
5279.0,5281.0 ---- 2
5417.0,5419.0 ---- 3
5441.0,5443.0 ---- 3
5477.0,5479.0 ---- 2
5501.0,5503.0 ---- 3
5519.0,5521.0 ---- 3
5639.0,5641.0 ---- 2
5651.0,5653.0 ---- 3
5657.0,5659.0 ---- 3
5741.0,5743.0 ---- 2
5849.0,5851.0 ---- 3
5867.0,5869.0 ---- 3
5879.0,5881.0 ---- 3
6089.0,6091.0 ---- 3
6131.0,6133.0 ---- 3
6197.0,6199.0 ---- 3
6269.0,6271.0 ---- 3
6299.0,6301.0 ---- 3
6359.0,6361.0 ---- 3
6449.0,6451.0 ---- 2
6551.0,6553.0 ---- 4
6569.0,6571.0 ---- 4
6659.0,6661.0 ---- 3
6689.0,6691.0 ---- 3
6701.0,6703.0 ---- 3
6761.0,6763.0 ---- 2
6779.0,6781.0 ---- 2
6791.0,6793.0 ---- 2
6827.0,6829.0 ---- 2
6869.0,6871.0 ---- 2
6947.0,6949.0 ---- 3
6959.0,6961.0 ---- 3
7127.0,7129.0 ---- 2
7211.0,7213.0 ---- 3
7307.0,7309.0 ---- 3
